Carre magique d'ordre 60
79 9 47 48 11 76 67 9 59 58 27 50 65 2 68 17 8 23 26 1 21 19 11 18 21 4 23 19 4 25 29 2 17 21 1 26 24 7 17 17 12 19 26 2 20 70 20 75 65 31 69 61 40 64 68 28 69 66 13 86 
13 45 77 73 45 17 37 45 53 37 45 53 48 45 42 22 16 10 11 16 21 15 16 17 18 16 14 22 16 10 4 16 28 21 16 11 9 16 23 18 16 14 10 16 22 60 55 50 59 55 51 58 55 52 56 55 54 75 55 35 
43 81 11 14 79 42 31 81 23 40 63 32 22 88 25 9 24 15 11 31 6 14 21 13 9 28 11 7 28 13 15 30 3 6 31 11 15 25 8 13 20 15 12 30 6 35 90 40 41 79 45 46 70 49 41 82 42 24 97 44 
50 1 84 49 28 58 79 10 46 66 1 68 51 27 57 25 4 19 22 8 18 17 11 20 20 1 27 23 7 18 30 1 17 19 3 26 27 1 20 21 8 19 17 6 25 95 10 60 60 31 74 59 49 57 86 23 56 65 24 76 
79 45 11 54 45 36 12 45 78 47 45 43 51 45 39 10 16 22 12 16 20 19 16 13 23 16 9 11 16 21 3 16 29 23 16 9 9 16 23 14 16 18 24 16 8 20 55 90 69 55 41 53 55 57 25 55 85 66 55 44 
6 89 40 32 62 41 44 80 11 22 89 24 33 63 39 13 28 7 14 24 10 12 21 15 5 31 12 14 25 9 15 31 2 6 29 13 12 31 5 13 24 11 7 26 15 50 100 15 36 79 50 53 61 51 54 87 24 34 86 45 
77 10 48 48 17 70 62 5 68 50 16 69 49 1 85 23 3 22 18 10 20 26 5 17 24 1 23 19 1 28 18 12 18 27 3 18 19 12 17 17 5 26 19 6 23 68 28 69 89 11 65 61 38 66 82 22 61 65 40 60 
16 45 74 67 45 23 51 45 39 64 45 26 81 45 9 15 16 17 18 16 14 7 16 25 15 16 17 25 16 7 16 16 16 7 16 25 14 16 18 25 16 7 20 16 12 56 55 54 31 55 79 60 55 50 34 55 76 50 55 60 
42 80 13 20 73 42 22 85 28 21 74 40 5 89 41 10 29 9 12 22 14 15 27 6 9 31 8 4 31 13 14 20 14 14 29 5 15 20 13 6 27 15 9 26 13 41 82 42 45 99 21 44 72 49 49 88 28 50 70 45 
59 10 66 61 16 58 65 6 64 59 8 68 73 15 47 30 1 17 24 1 23 28 2 18 17 3 28 24 1 23 19 12 17 21 10 17 26 5 17 24 3 21 18 3 27 64 45 56 76 10 79 86 21 58 72 8 85 75 10 80 
52 45 38 42 45 48 44 45 46 54 45 36 19 45 71 3 16 29 15 16 17 6 16 26 27 16 5 15 16 17 14 16 18 12 16 20 7 16 25 13 16 19 25 16 7 47 55 63 58 55 52 27 55 83 68 55 42 60 55 50 
24 80 31 32 74 29 26 84 25 22 82 31 43 75 17 15 31 2 9 31 8 14 30 4 4 29 15 9 31 8 15 20 13 15 22 11 15 27 6 11 29 8 5 29 14 54 65 46 31 100 34 52 89 24 25 102 38 30 100 35 
66 16 53 60 14 61 56 25 54 54 24 57 84 2 49 19 7 22 22 3 23 21 6 21 19 8 21 17 2 29 17 8 23 23 4 21 23 6 19 21 4 23 22 6 20 73 14 78 82 25 58 66 21 78 61 28 76 79 28 58 
32 45 58 46 45 44 43 45 47 48 45 42 10 45 80 19 16 13 17 16 15 16 16 16 18 16 14 28 16 4 22 16 10 14 16 18 12 16 20 18 16 14 14 16 18 60 55 50 31 55 79 67 55 43 70 55 40 34 55 76 
37 74 24 29 76 30 36 65 34 33 66 36 41 88 6 10 25 13 9 29 10 11 26 11 11 24 13 3 30 15 9 24 15 11 28 9 13 26 9 9 28 11 12 26 10 32 96 37 52 85 28 32 89 44 34 82 49 52 82 31 
67 3 119 94 17 78 77 21 91 76 28 85 95 23 71 72 5 61 49 40 49 53 23 62 77 1 60 55 31 52 35 7 33 40 3 32 31 3 41 37 12 26 26 18 31 35 6 22 27 2 34 30 3 30 22 11 30 35 4 24 
115 63 11 47 63 79 77 63 49 72 63 54 39 63 87 35 46 57 46 46 46 55 46 37 29 46 63 43 46 49 23 25 27 17 25 33 35 25 15 14 25 36 30 25 20 8 21 34 28 21 14 21 21 21 29 21 13 10 21 32 
7 123 59 48 109 32 35 105 49 41 98 50 55 103 31 31 87 20 43 52 43 30 69 39 32 91 15 40 61 37 17 43 15 18 47 10 9 47 19 24 38 13 19 32 24 20 36 7 8 40 15 12 39 12 12 31 20 18 38 7 
85 40 64 69 15 105 69 4 116 88 2 99 95 8 86 48 12 78 72 18 48 69 2 67 62 22 54 67 6 65 30 7 38 31 13 31 26 9 40 32 12 31 46 1 28 37 1 25 24 12 27 27 10 26 32 1 30 27 8 28 
42 63 84 99 63 27 110 63 16 74 63 52 54 63 72 76 46 16 22 46 70 44 46 48 38 46 54 44 46 48 33 25 17 25 25 25 39 25 11 24 25 26 7 25 43 9 21 33 24 21 18 20 21 22 19 21 23 22 21 20 
62 86 41 21 111 57 10 122 57 27 124 38 40 118 31 14 80 44 44 74 20 25 90 23 38 70 30 27 86 25 12 43 20 19 37 19 10 41 24 19 38 18 22 49 4 17 41 5 15 30 18 16 32 15 12 41 10 14 34 15 
69 56 64 92 32 65 91 4 94 90 26 73 68 49 72 53 18 67 48 21 69 81 5 52 54 18 66 51 30 57 31 14 30 42 3 30 31 6 38 36 3 36 36 9 30 28 2 33 25 3 35 27 4 32 23 11 29 27 6 30 
58 63 68 36 63 90 66 63 60 46 63 80 67 63 59 60 46 32 67 46 25 17 46 75 58 46 34 52 46 40 24 25 26 13 25 37 32 25 18 25 25 25 19 25 31 26 21 16 31 21 11 26 21 16 27 21 15 24 21 18 
62 70 57 61 94 34 32 122 35 53 100 36 54 77 58 25 74 39 23 71 44 40 87 11 26 74 38 35 62 41 20 36 19 20 47 8 12 44 19 14 47 14 20 41 14 9 40 14 7 39 17 10 38 15 13 31 19 12 36 15 
70 1 118 66 54 69 72 11 106 80 42 67 99 20 70 49 32 57 60 27 51 84 4 50 58 18 62 49 3 86 30 10 35 32 6 37 38 4 33 29 20 26 35 7 33 29 3 31 22 17 24 22 3 38 34 4 25 29 12 22 
111 63 15 66 63 60 97 63 29 50 63 76 34 63 92 54 46 38 37 46 55 12 46 80 50 46 42 83 46 9 30 25 20 30 25 20 20 25 30 22 25 28 23 25 27 23 21 19 23 21 19 37 21 5 12 21 30 14 21 28 
8 125 56 57 72 60 20 115 54 59 84 46 56 106 27 35 60 43 41 65 32 42 88 8 30 74 34 6 89 43 15 40 20 13 44 18 17 46 12 24 30 21 17 43 15 11 39 13 18 25 20 4 39 20 17 38 8 20 30 13 
87 16 86 83 20 86 70 50 69 70 9 110 71 17 101 55 19 64 56 33 49 77 11 50 48 25 65 47 10 81 28 7 40 28 20 27 36 6 33 44 1 30 42 2 31 32 8 23 22 11 30 34 7 22 28 7 28 27 13 23 
62 63 64 66 63 60 62 63 64 103 63 23 93 63 33 55 46 37 39 46 53 19 46 73 63 46 29 80 46 12 37 25 13 24 25 26 22 25 28 11 25 39 14 25 36 12 21 30 29 21 13 9 21 33 21 21 21 17 21 25 
40 110 39 40 106 43 57 76 56 16 117 56 25 109 55 28 73 37 43 59 36 42 81 15 27 67 44 11 82 45 10 43 22 23 30 22 17 44 14 20 49 6 19 48 8 19 34 10 12 31 20 20 35 8 14 35 14 19 29 15 
71 28 54 59 16 78 66 28 59 61 14 78 82 15 56 34 8 24 24 9 33 25 6 35 23 16 27 28 2 36 53 16 81 79 4 67 56 2 92 61 35 54 56 23 71 37 16 37 31 3 56 35 7 48 34 25 31 47 6 37 
34 51 68 70 51 32 44 51 58 68 51 34 25 51 77 12 22 32 31 22 13 32 22 12 26 22 18 30 22 14 78 50 22 38 50 62 86 50 14 43 50 57 65 50 35 30 30 30 55 30 5 43 30 17 27 30 33 20 30 40 
48 74 31 24 86 43 43 74 36 24 88 41 46 87 20 20 36 10 11 35 20 9 38 19 17 28 21 8 42 16 19 84 47 33 96 21 8 98 44 46 65 39 29 77 44 23 44 23 4 57 29 12 53 25 29 35 26 23 54 13 
54 9 90 75 24 54 77 1 75 55 46 52 53 40 60 33 3 30 28 13 25 24 5 37 33 10 23 24 2 40 67 11 72 71 9 70 64 33 53 54 24 72 64 17 69 32 4 54 34 21 35 48 6 36 39 3 48 31 2 57 
87 51 15 30 51 72 49 51 53 48 51 54 58 51 44 19 22 25 19 22 25 35 22 9 12 22 32 38 22 6 55 50 45 49 50 51 39 50 61 68 50 32 55 50 45 52 30 8 31 30 29 18 30 42 39 30 21 56 30 4 
12 93 48 48 78 27 27 101 25 50 56 47 42 62 49 14 41 11 19 31 16 7 39 20 21 34 11 4 42 20 28 89 33 30 91 29 47 67 36 28 76 46 31 83 36 6 56 28 25 39 26 24 54 12 12 57 21 3 58 29 
68 28 57 87 1 65 75 16 62 65 3 85 76 15 62 23 2 41 23 2 41 32 6 28 29 3 34 24 1 41 59 17 74 52 46 52 86 10 54 66 21 63 58 6 86 33 21 36 39 9 42 31 7 52 38 8 44 40 8 42 
40 51 62 29 51 73 38 51 64 71 51 31 37 51 65 40 22 4 40 22 4 18 22 26 27 22 17 39 22 5 65 50 35 50 50 50 18 50 82 47 50 53 78 50 22 33 30 27 33 30 27 51 30 9 36 30 24 32 30 28 
45 74 34 37 101 15 40 86 27 17 99 37 40 87 26 3 42 21 3 42 21 16 38 12 10 41 15 3 43 20 26 83 41 48 54 48 46 90 14 37 79 34 14 94 42 24 39 27 18 51 21 8 53 29 16 52 22 18 52 20 
61 40 52 78 3 72 52 33 68 86 11 56 72 19 62 30 7 29 28 1 37 24 19 23 30 3 33 25 5 36 75 3 72 55 5 90 71 14 65 76 13 61 53 26 71 53 4 33 44 6 40 31 26 33 53 2 35 40 10 40 
42 51 60 45 51 57 67 51 35 21 51 81 41 51 61 21 22 23 31 22 13 21 22 23 25 22 19 33 22 11 47 50 53 85 50 15 44 50 56 35 50 65 68 50 32 10 30 50 26 30 34 32 30 28 12 30 48 30 30 30 
50 62 41 30 99 24 34 69 50 46 91 16 40 83 30 15 37 14 7 43 16 21 25 20 11 41 14 8 39 19 28 97 25 10 95 45 35 86 29 39 87 24 29 74 47 27 56 7 20 54 16 27 34 29 25 58 7 20 50 20 
59 3 91 84 15 54 52 45 56 62 30 61 71 3 79 32 3 31 37 6 23 29 3 34 37 6 23 25 13 28 79 6 65 64 5 81 89 9 52 61 12 77 57 21 72 36 8 46 34 21 35 35 3 52 32 17 41 39 12 39 
83 51 19 21 51 81 55 51 47 50 51 52 59 51 43 21 22 23 8 22 36 27 22 17 8 22 36 25 22 19 36 50 64 67 50 33 13 50 87 66 50 34 65 50 35 40 30 20 31 30 29 47 30 13 39 30 21 30 30 30 
11 99 43 48 87 18 46 57 50 41 72 40 23 99 31 13 41 12 21 38 7 10 41 15 21 38 7 16 31 19 35 94 21 19 95 36 48 91 11 23 88 39 28 79 43 14 52 24 25 39 26 8 57 25 19 43 28 21 48 21 
53 37 57 61 33 53 62 18 67 58 4 85 74 9 64 76 7 55 70 9 59 55 12 71 68 5 65 67 6 65 42 33 45 64 10 46 57 16 47 67 8 45 43 33 44 66 13 71 59 14 77 60 39 51 55 3 92 54 39 57 
53 49 45 41 49 57 54 49 44 76 49 22 39 49 59 25 46 67 35 46 57 62 46 30 43 46 49 44 46 48 43 40 37 22 40 58 30 40 50 18 40 62 41 40 39 55 50 45 68 50 32 41 50 59 87 50 13 53 50 47 
41 61 45 45 65 37 31 80 36 13 94 40 34 89 24 37 85 16 33 83 22 21 80 37 27 87 24 27 86 25 35 47 38 34 70 16 33 64 23 35 72 13 36 47 37 29 87 34 23 86 41 49 61 40 8 97 45 43 61 46 
58 2 87 59 24 64 63 32 52 82 2 63 64 29 54 74 13 51 75 13 50 55 25 58 48 4 86 84 7 47 48 17 55 68 1 51 42 21 57 52 27 41 58 17 45 71 5 74 69 12 69 60 21 69 80 17 53 64 6 80 
78 49 20 54 49 44 38 49 60 30 49 68 39 49 59 23 46 69 21 46 71 49 46 43 84 46 8 9 46 83 47 40 33 23 40 57 55 40 25 29 40 51 27 40 53 53 50 47 50 50 50 59 50 41 23 50 77 66 50 34 
11 96 40 34 74 39 46 66 35 35 96 16 44 69 34 41 79 18 42 79 17 34 67 37 6 88 44 45 85 8 25 63 32 29 79 12 23 59 38 39 53 28 35 63 22 26 95 29 31 88 31 31 79 40 47 83 20 20 94 36 
56 34 57 50 27 70 79 16 52 63 9 75 53 14 80 75 2 61 57 16 65 58 28 52 64 6 68 51 3 84 43 28 49 45 20 55 46 17 57 55 3 62 44 27 49 72 19 59 54 32 64 60 32 58 64 22 64 69 14 67 
50 49 48 69 49 29 22 49 76 61 49 37 76 49 22 32 46 60 54 46 38 40 46 52 50 46 42 79 46 13 46 40 34 50 40 30 51 40 29 47 40 33 45 40 35 37 50 63 60 50 40 48 50 52 50 50 50 48 50 52 
41 64 42 28 71 48 46 82 19 23 89 35 18 84 45 31 90 17 27 76 35 40 64 34 24 86 28 8 89 41 31 52 37 25 60 35 23 63 34 18 77 25 31 53 36 41 81 28 36 68 46 42 68 40 36 78 36 33 86 31 
66 18 63 64 10 73 53 44 50 56 25 66 57 27 63 56 13 69 61 13 64 65 10 63 47 10 81 65 13 60 44 26 50 46 15 59 70 2 48 41 9 70 58 6 56 73 20 57 67 18 65 51 16 83 57 12 81 72 14 64 
46 49 52 58 49 40 46 49 52 59 49 39 55 49 43 59 46 33 49 46 43 44 46 48 80 46 12 41 46 51 46 40 34 53 40 27 18 40 62 69 40 11 38 40 42 34 50 66 48 50 52 82 50 18 74 50 26 42 50 58 
35 80 32 25 88 34 48 54 45 32 73 42 35 71 41 23 79 36 28 79 31 29 82 27 11 82 45 32 79 27 30 54 36 21 65 34 32 78 10 10 71 39 24 74 22 43 80 27 35 82 33 17 84 49 19 88 43 36 86 28 
75 1 71 68 15 64 61 9 77 84 6 57 82 6 59 55 24 59 70 19 49 59 25 54 69 2 67 59 4 75 48 20 52 49 6 65 48 23 49 50 11 59 57 16 47 89 10 51 66 21 63 59 18 73 78 9 63 77 7 66 
45 49 53 45 49 53 65 49 33 22 49 76 26 49 72 50 46 42 25 46 67 41 46 51 44 46 48 62 46 30 44 40 36 56 40 24 41 40 39 49 40 31 30 40 50 12 50 88 47 50 53 64 50 36 35 50 65 39 50 61 
27 97 23 34 83 30 21 89 37 41 92 14 39 92 16 33 68 37 43 73 22 38 67 33 25 90 23 17 88 33 28 60 32 15 74 31 31 57 32 21 69 30 33 64 23 49 90 11 37 79 34 27 82 41 37 91 22 34 93 23 
La somme magique est 6780
