Carre magique d'ordre 56
206 490 260 164 273 250 463 134 638 370 38 74 333 266 217 304 236 196 598 90 274 348 224 274 102 298 710 10 464 160 346 150 207 266 421 226 313 186 577 44 203 198 695 24 638 104 220 158 195 326 263 336 102 534 390 94 
342 82 206 490 530 67 273 250 75 37 638 370 369 152 333 266 643 45 236 196 361 137 274 348 715 5 102 298 421 75 464 160 534 113 207 266 599 22 313 186 707 12 203 198 299 79 638 104 431 168 195 326 437 47 102 534 
164 342 490 124 134 530 250 206 74 75 370 601 304 369 266 181 90 643 196 191 274 361 348 137 10 715 298 97 150 421 160 389 226 534 266 94 44 599 186 291 24 707 198 191 158 299 104 559 336 431 326 27 94 437 534 55 
408 206 164 342 183 273 134 530 333 638 74 75 114 333 304 369 151 236 90 643 211 274 274 361 293 102 10 715 85 464 150 421 153 207 226 534 164 313 44 599 186 203 24 707 25 638 158 299 158 195 336 431 487 102 94 437 
301 446 87 286 100 448 568 4 347 384 175 214 182 268 364 306 71 358 579 112 120 796 194 10 196 120 754 50 479 372 49 220 352 194 568 6 564 238 266 52 183 370 227 340 623 440 49 8 285 532 29 274 246 660 38 176 
230 143 301 446 570 2 100 448 282 107 347 384 517 153 182 268 635 56 71 358 199 5 120 796 779 25 196 120 159 110 479 372 571 3 352 194 292 26 564 238 397 170 183 370 53 4 623 440 166 137 285 532 126 88 246 660 
286 230 446 158 4 570 448 98 214 282 384 240 306 517 268 29 112 635 358 15 10 199 796 115 50 779 120 171 220 159 372 369 6 571 194 349 52 292 238 538 340 397 370 13 8 53 440 619 274 166 532 148 176 126 660 158 
303 301 286 230 446 100 4 570 277 347 214 282 115 182 306 517 302 71 112 635 791 120 10 199 95 196 50 779 262 479 220 159 191 352 6 571 212 564 52 292 200 183 340 397 436 623 8 53 395 285 274 166 572 246 176 126 
306 352 342 120 170 248 410 292 860 50 154 56 501 204 217 198 107 154 705 154 183 194 505 238 396 220 136 368 390 144 582 4 332 236 178 374 159 326 521 114 106 662 148 204 627 286 83 124 184 420 392 124 174 234 584 128 
402 60 306 352 556 146 170 248 182 28 860 50 316 99 501 204 782 77 107 154 624 119 183 194 320 184 396 220 584 2 390 144 365 187 332 236 578 57 159 326 250 102 106 662 145 62 627 286 454 62 184 420 648 64 174 234 
120 402 352 246 292 556 248 24 56 182 50 832 198 316 204 402 154 782 154 30 238 624 194 64 368 320 220 212 4 584 144 388 374 365 236 145 114 578 326 102 204 250 662 4 124 145 286 565 124 454 420 122 128 648 234 110 
292 306 120 402 102 170 292 556 22 860 56 182 105 501 198 316 77 107 154 782 75 183 238 624 36 396 368 320 142 390 4 584 49 332 374 365 269 159 114 578 560 106 204 250 224 627 124 145 358 184 124 454 170 174 128 648 
168 278 604 70 370 320 386 44 336 202 198 384 678 102 242 98 328 244 302 246 372 486 6 256 176 212 420 312 321 388 357 54 277 402 73 368 95 380 573 72 210 376 262 272 420 160 488 52 490 302 92 236 119 480 451 70 
639 35 168 278 408 22 370 320 390 192 336 202 291 49 678 102 425 123 328 244 134 128 372 486 576 156 176 212 384 27 321 388 257 184 277 402 609 36 95 380 398 136 210 376 514 26 420 160 210 118 490 302 486 35 119 480 
70 639 278 133 44 408 320 348 384 390 202 144 98 291 102 629 246 425 244 205 256 134 486 244 312 576 212 20 54 384 388 294 368 257 402 93 72 609 380 59 272 398 376 74 52 514 160 394 236 210 302 372 70 486 480 84 
243 168 70 639 298 370 44 408 10 336 384 390 53 678 98 291 121 328 246 425 358 372 256 134 56 176 312 576 361 321 54 384 218 277 368 257 344 95 72 609 240 210 272 398 134 420 52 514 184 490 236 210 445 119 70 486 
345 106 601 68 661 312 131 16 114 862 96 48 285 284 19 532 525 272 261 62 383 160 303 274 447 108 489 76 193 134 577 216 452 304 170 194 193 552 225 150 513 282 165 160 151 328 403 238 581 194 191 154 111 106 843 60 
635 34 345 106 139 8 661 312 120 24 114 862 285 266 285 284 292 31 525 272 440 137 383 160 527 38 447 108 685 108 193 134 267 97 452 304 300 75 193 552 245 80 513 282 522 119 151 328 268 77 581 194 873 30 111 106 
68 635 106 311 16 139 312 653 48 120 862 90 532 285 284 19 62 292 272 494 274 440 160 246 76 527 108 409 216 685 134 85 194 267 304 355 150 300 552 118 160 245 282 433 238 522 328 32 154 268 194 504 60 873 106 81 
72 345 68 635 304 661 16 139 838 114 48 120 18 285 532 285 241 525 62 292 23 383 274 440 70 447 76 527 26 193 216 685 207 452 194 267 477 193 150 300 202 513 160 245 209 151 238 522 117 581 154 268 76 111 60 873 
296 296 278 250 330 412 180 198 164 598 268 90 139 368 429 184 405 90 623 2 257 388 17 458 278 504 60 278 613 112 223 172 480 596 24 20 602 422 66 30 590 224 38 268 171 776 13 160 385 214 507 14 120 700 76 224 
403 125 296 296 279 99 330 412 313 45 164 598 521 92 139 368 624 1 405 90 246 229 257 388 199 139 278 504 309 86 613 112 34 10 480 596 81 15 602 422 172 134 590 224 93 80 171 776 514 7 385 214 188 112 120 700 
250 403 296 171 198 279 412 231 90 313 598 119 184 521 368 47 2 624 90 404 458 246 388 28 278 199 504 139 172 309 112 527 20 34 596 470 30 81 422 587 268 172 224 456 160 93 776 91 14 514 214 378 224 188 700 8 
171 296 250 403 313 330 198 279 553 164 90 313 276 139 184 521 89 405 2 624 159 257 458 246 365 278 278 199 26 613 172 309 586 480 20 34 407 602 30 81 90 590 268 172 696 171 160 93 207 385 14 514 588 120 224 188 
60 336 630 94 263 698 65 94 380 244 372 124 357 432 33 298 167 182 665 106 320 210 538 52 304 230 168 418 379 318 179 244 603 266 43 208 692 30 352 46 94 232 724 70 189 900 17 14 202 502 36 380 450 56 610 4 
677 47 60 336 112 47 263 698 434 62 380 244 182 149 357 432 718 53 167 182 564 26 320 210 377 209 304 230 301 122 379 318 147 104 603 266 375 23 692 30 759 35 94 232 24 7 189 900 226 190 202 502 612 2 450 56 
94 677 336 13 94 112 698 216 124 434 244 318 298 182 432 208 106 718 182 114 52 564 210 294 418 377 230 95 244 301 318 257 208 147 266 499 46 375 30 669 70 759 232 59 14 24 900 182 380 226 502 12 4 612 56 448 
289 60 94 677 651 263 94 112 182 380 124 434 283 357 298 182 129 167 106 718 184 320 52 564 21 304 418 377 196 379 244 301 162 603 208 147 7 692 46 375 197 94 70 759 893 189 14 24 312 202 380 226 54 450 4 612 
258 588 138 136 253 310 427 130 350 36 686 48 221 562 285 52 715 94 301 10 303 242 359 216 47 658 377 38 327 444 289 60 137 250 491 242 391 396 37 296 265 528 237 90 610 150 200 160 375 376 233 136 401 188 379 152 
206 68 258 588 492 65 253 310 710 24 350 36 311 26 221 562 306 5 715 94 467 108 303 242 396 19 47 658 319 30 327 444 612 121 137 250 185 148 391 396 282 45 265 528 280 80 610 150 301 68 375 376 455 76 401 188 
136 206 588 190 130 492 310 188 48 710 36 326 52 311 562 195 10 306 94 710 216 467 242 195 38 396 658 28 60 319 444 297 242 612 250 16 296 185 396 243 90 282 528 220 160 280 150 530 136 301 376 307 152 455 188 325 
520 258 136 206 245 253 130 492 12 350 48 710 536 221 52 311 89 715 10 306 134 303 216 467 639 47 38 396 414 327 60 319 129 137 242 612 248 391 296 185 483 265 90 282 70 610 160 280 308 375 136 301 112 401 152 455 
183 494 313 130 254 698 8 160 208 346 460 106 229 460 191 240 274 272 478 96 282 456 354 28 296 452 178 194 263 408 167 282 79 636 257 148 546 152 376 46 120 234 756 10 78 48 964 30 551 148 333 88 597 170 265 88 
378 65 183 494 88 80 254 698 513 53 208 346 311 120 229 460 526 48 274 272 368 14 282 456 275 97 296 452 308 141 263 408 331 74 79 636 399 23 546 152 761 5 120 234 979 15 78 48 377 44 551 148 309 44 597 170 
130 378 494 118 160 88 698 174 106 513 346 155 240 311 460 109 96 526 272 226 28 368 456 268 194 275 452 199 282 308 408 122 148 331 636 5 46 399 152 523 10 761 234 115 30 979 48 63 88 377 148 507 88 309 170 553 
429 183 130 378 618 254 160 88 293 208 106 513 340 229 240 311 224 274 96 526 442 282 28 368 355 296 194 275 267 263 282 308 562 79 148 331 129 546 46 399 229 120 10 761 33 78 30 979 104 551 88 377 126 597 88 309 
203 480 241 196 737 80 245 58 673 284 27 136 417 498 201 4 408 210 190 312 242 450 138 290 421 324 357 18 243 364 195 318 502 450 148 20 635 74 263 148 280 394 142 304 300 318 472 30 834 142 22 122 643 344 23 110 
339 98 203 480 274 29 737 80 95 68 673 284 203 2 417 498 346 156 408 210 283 145 242 450 366 9 421 324 354 159 243 364 158 10 502 450 337 74 635 74 294 152 280 394 487 15 300 318 83 61 834 142 78 55 643 344 
196 339 480 105 58 274 80 708 136 95 284 605 4 203 498 415 312 346 210 252 290 283 450 97 18 366 324 412 318 354 364 84 20 158 450 492 148 337 74 561 304 294 394 128 30 487 318 285 122 83 142 773 110 78 344 588 
382 203 196 339 51 737 58 274 216 673 136 95 496 417 4 203 54 408 312 346 305 242 290 283 315 421 18 366 205 243 318 354 440 502 20 158 0 635 148 337 242 280 304 294 303 300 30 487 81 834 122 83 289 643 110 78 
95 536 403 86 428 440 190 62 198 206 590 126 510 508 34 68 1000 70 14 36 220 546 50 304 558 192 46 324 13 790 297 20 75 936 15 94 394 330 244 152 198 100 670 152 539 342 169 70 85 222 657 156 141 242 579 158 
446 43 95 536 221 31 428 440 653 63 198 206 68 34 510 508 32 18 1000 70 202 152 220 546 208 162 558 192 307 10 13 790 62 47 75 936 320 76 394 330 746 76 198 100 204 35 539 342 735 78 85 222 658 79 141 242 
86 446 536 52 62 221 440 397 126 653 206 135 68 68 508 476 36 32 70 982 304 202 546 68 324 208 192 396 20 307 790 3 94 62 936 28 152 320 330 318 152 746 100 122 70 204 342 504 156 735 222 7 158 658 242 62 
493 95 86 446 409 428 62 221 143 198 126 653 474 510 68 68 52 1000 36 32 394 220 304 202 30 558 324 208 780 13 20 307 889 75 94 62 254 394 152 320 24 198 152 746 307 539 70 204 144 85 156 735 163 141 158 658 
255 344 165 356 421 124 391 184 566 218 234 102 560 102 406 52 857 16 231 16 202 314 276 328 237 458 31 394 332 408 44 336 339 706 59 16 519 266 61 274 147 94 715 164 431 78 549 62 313 204 509 94 83 402 629 6 
343 178 255 344 483 92 421 124 285 51 566 218 432 26 560 102 239 8 857 16 440 164 202 314 228 197 237 458 212 168 332 408 67 8 339 706 198 137 519 266 797 82 147 94 580 31 431 78 556 47 313 204 632 3 83 402 
356 343 344 77 184 483 124 329 102 285 218 515 52 432 102 534 16 239 16 849 328 440 314 38 394 228 458 40 336 212 408 164 16 67 706 331 274 198 266 382 164 797 94 65 62 580 78 400 94 556 204 266 6 632 402 80 
166 255 356 343 32 421 184 483 167 566 102 285 76 560 52 432 8 857 16 239 150 202 328 440 261 237 394 228 240 332 336 212 698 339 16 67 129 519 274 198 12 147 164 797 47 431 62 580 157 313 94 556 399 83 6 632 
605 138 261 116 366 498 82 174 903 46 107 64 758 100 168 94 510 280 236 94 69 654 347 50 499 300 137 184 363 212 437 108 424 474 168 54 469 508 7 136 14 204 892 10 341 270 189 320 228 386 128 378 760 286 72 2 
319 58 605 138 169 87 366 498 139 32 903 46 215 47 758 100 283 47 510 280 372 25 69 654 229 92 499 300 491 54 363 212 195 27 424 474 75 68 469 508 897 5 14 204 349 160 341 270 317 189 228 386 73 1 760 286 
116 319 138 547 174 169 498 279 64 139 46 871 94 215 100 711 94 283 280 463 50 372 654 44 184 229 300 407 108 491 212 309 54 195 474 397 136 75 508 401 10 897 204 9 320 349 270 181 378 317 386 39 2 73 286 759 
80 605 116 319 411 366 174 169 14 903 64 139 53 758 94 215 233 510 94 283 629 69 50 372 208 499 184 229 158 363 108 491 447 424 54 195 440 469 136 75 199 14 10 897 110 341 320 349 197 228 378 317 285 760 2 73 
207 448 105 360 262 576 246 36 542 20 520 38 825 98 57 140 505 356 195 64 723 138 19 240 111 804 63 142 148 212 700 60 405 146 287 282 368 188 490 74 635 282 69 134 602 228 80 210 217 234 367 302 550 168 74 328 
285 180 207 448 264 18 262 576 539 19 542 20 127 70 825 98 227 32 505 356 139 120 723 138 134 71 111 804 730 30 148 212 428 141 405 146 527 37 368 188 136 67 635 282 185 105 602 228 518 151 217 234 238 164 550 168 
360 285 448 27 36 264 576 244 38 539 20 523 140 127 98 755 64 227 356 473 240 139 138 603 142 134 804 40 60 730 212 118 282 428 146 264 74 527 188 331 134 136 282 568 210 185 228 497 302 518 234 66 328 238 168 386 
268 207 360 285 558 262 36 264 1 542 38 539 28 825 140 127 324 505 64 227 18 723 240 139 733 111 142 134 182 148 60 730 5 405 282 428 151 368 74 527 215 635 134 136 123 602 210 185 83 217 302 518 4 550 328 238 
La somme magique est 15680
