Carre magique d'ordre 16
93 72 137 18 69 120 119 12 161 64 85 10 40 38 178 64 
146 9 93 72 125 6 69 120 90 5 161 64 210 32 40 38 
18 146 72 84 12 125 120 63 10 90 64 156 64 210 38 8 
63 93 18 146 114 69 12 125 59 161 10 90 6 40 64 210 
36 72 160 52 107 142 9 62 63 116 43 98 102 150 34 34 
186 26 36 72 40 31 107 142 92 49 63 116 51 17 102 150 
52 186 72 10 62 40 142 76 98 92 116 14 34 51 150 85 
46 36 52 186 111 107 62 40 67 63 98 92 133 102 34 51 
85 36 129 70 237 14 61 8 49 30 181 60 40 136 130 14 
164 35 85 36 65 4 237 14 211 30 49 30 137 7 40 136 
70 164 36 50 8 65 14 233 60 211 30 19 14 137 136 33 
1 85 70 164 10 237 8 65 0 49 60 211 129 40 14 137 
73 162 21 64 107 174 25 14 138 58 100 24 90 70 142 18 
53 32 73 162 32 7 107 174 112 12 138 58 151 9 90 70 
64 53 162 41 14 32 174 100 24 112 58 126 18 151 70 81 
130 73 64 53 167 107 14 32 46 138 24 112 61 90 18 151 
La somme magique est 1280
