Carre magique d'ordre 30
53 16 81 79 4 67 56 2 92 61 35 54 56 23 71 37 16 37 31 3 56 35 7 48 34 25 31 47 6 37 
78 50 22 38 50 62 86 50 14 43 50 57 65 50 35 30 30 30 55 30 5 43 30 17 27 30 33 20 30 40 
19 84 47 33 96 21 8 98 44 46 65 39 29 77 44 23 44 23 4 57 29 12 53 25 29 35 26 23 54 13 
67 11 72 71 9 70 64 33 53 54 24 72 64 17 69 32 4 54 34 21 35 48 6 36 39 3 48 31 2 57 
55 50 45 49 50 51 39 50 61 68 50 32 55 50 45 52 30 8 31 30 29 18 30 42 39 30 21 56 30 4 
28 89 33 30 91 29 47 67 36 28 76 46 31 83 36 6 56 28 25 39 26 24 54 12 12 57 21 3 58 29 
59 17 74 52 46 52 86 10 54 66 21 63 58 6 86 33 21 36 39 9 42 31 7 52 38 8 44 40 8 42 
65 50 35 50 50 50 18 50 82 47 50 53 78 50 22 33 30 27 33 30 27 51 30 9 36 30 24 32 30 28 
26 83 41 48 54 48 46 90 14 37 79 34 14 94 42 24 39 27 18 51 21 8 53 29 16 52 22 18 52 20 
75 3 72 55 5 90 71 14 65 76 13 61 53 26 71 53 4 33 44 6 40 31 26 33 53 2 35 40 10 40 
47 50 53 85 50 15 44 50 56 35 50 65 68 50 32 10 30 50 26 30 34 32 30 28 12 30 48 30 30 30 
28 97 25 10 95 45 35 86 29 39 87 24 29 74 47 27 56 7 20 54 16 27 34 29 25 58 7 20 50 20 
79 6 65 64 5 81 89 9 52 61 12 77 57 21 72 36 8 46 34 21 35 35 3 52 32 17 41 39 12 39 
36 50 64 67 50 33 13 50 87 66 50 34 65 50 35 40 30 20 31 30 29 47 30 13 39 30 21 30 30 30 
35 94 21 19 95 36 48 91 11 23 88 39 28 79 43 14 52 24 25 39 26 8 57 25 19 43 28 21 48 21 
42 33 45 64 10 46 57 16 47 67 8 45 43 33 44 66 13 71 59 14 77 60 39 51 55 3 92 54 39 57 
43 40 37 22 40 58 30 40 50 18 40 62 41 40 39 55 50 45 68 50 32 41 50 59 87 50 13 53 50 47 
35 47 38 34 70 16 33 64 23 35 72 13 36 47 37 29 87 34 23 86 41 49 61 40 8 97 45 43 61 46 
48 17 55 68 1 51 42 21 57 52 27 41 58 17 45 71 5 74 69 12 69 60 21 69 80 17 53 64 6 80 
47 40 33 23 40 57 55 40 25 29 40 51 27 40 53 53 50 47 50 50 50 59 50 41 23 50 77 66 50 34 
25 63 32 29 79 12 23 59 38 39 53 28 35 63 22 26 95 29 31 88 31 31 79 40 47 83 20 20 94 36 
43 28 49 45 20 55 46 17 57 55 3 62 44 27 49 72 19 59 54 32 64 60 32 58 64 22 64 69 14 67 
46 40 34 50 40 30 51 40 29 47 40 33 45 40 35 37 50 63 60 50 40 48 50 52 50 50 50 48 50 52 
31 52 37 25 60 35 23 63 34 18 77 25 31 53 36 41 81 28 36 68 46 42 68 40 36 78 36 33 86 31 
44 26 50 46 15 59 70 2 48 41 9 70 58 6 56 73 20 57 67 18 65 51 16 83 57 12 81 72 14 64 
46 40 34 53 40 27 18 40 62 69 40 11 38 40 42 34 50 66 48 50 52 82 50 18 74 50 26 42 50 58 
30 54 36 21 65 34 32 78 10 10 71 39 24 74 22 43 80 27 35 82 33 17 84 49 19 88 43 36 86 28 
48 20 52 49 6 65 48 23 49 50 11 59 57 16 47 89 10 51 66 21 63 59 18 73 78 9 63 77 7 66 
44 40 36 56 40 24 41 40 39 49 40 31 30 40 50 12 50 88 47 50 53 64 50 36 35 50 65 39 50 61 
28 60 32 15 74 31 31 57 32 21 69 30 33 64 23 49 90 11 37 79 34 27 82 41 37 91 22 34 93 23 
La somme magique est 3390
