Carre magique d'ordre 15
66 13 71 59 14 77 60 39 51 55 3 92 54 39 57 
55 50 45 68 50 32 41 50 59 87 50 13 53 50 47 
29 87 34 23 86 41 49 61 40 8 97 45 43 61 46 
71 5 74 69 12 69 60 21 69 80 17 53 64 6 80 
53 50 47 50 50 50 59 50 41 23 50 77 66 50 34 
26 95 29 31 88 31 31 79 40 47 83 20 20 94 36 
72 19 59 54 32 64 60 32 58 64 22 64 69 14 67 
37 50 63 60 50 40 48 50 52 50 50 50 48 50 52 
41 81 28 36 68 46 42 68 40 36 78 36 33 86 31 
73 20 57 67 18 65 51 16 83 57 12 81 72 14 64 
34 50 66 48 50 52 82 50 18 74 50 26 42 50 58 
43 80 27 35 82 33 17 84 49 19 88 43 36 86 28 
89 10 51 66 21 63 59 18 73 78 9 63 77 7 66 
12 50 88 47 50 53 64 50 36 35 50 65 39 50 61 
49 90 11 37 79 34 27 82 41 37 91 22 34 93 23 
La somme magique est 750
