Carre magique d'ordre 13
142 82 35 144 97 50 159 112 65 5 127 67 20 
34 156 96 49 158 111 64 4 126 66 19 141 81 
95 48 157 110 63 3 125 78 18 140 80 33 155 
169 109 62 2 124 77 17 139 79 32 154 94 47 
61 1 123 76 16 138 91 31 153 93 46 168 108 
122 75 15 137 90 30 152 92 45 167 107 60 13 
14 136 89 29 151 104 44 166 106 59 12 121 74 
88 28 150 103 43 165 105 58 11 120 73 26 135 
149 102 42 164 117 57 10 119 72 25 134 87 27 
41 163 116 56 9 118 71 24 133 86 39 148 101 
115 55 8 130 70 23 132 85 38 147 100 40 162 
7 129 69 22 131 84 37 146 99 52 161 114 54 
68 21 143 83 36 145 98 51 160 113 53 6 128 
La somme magique est 1105
