Carre magique d'ordre 48
136 660 100 64 404 186 140 230 167 178 355 260 107 184 537 132 713 116 75 56 208 536 62 154 445 40 435 40 161 716 5 78 147 46 683 84 193 190 575 2 127 352 425 56 93 748 103 16 
132 32 136 660 255 115 404 186 485 130 167 178 603 66 107 184 103 28 713 116 139 77 208 536 455 20 445 40 44 39 161 716 725 42 147 46 576 1 193 190 453 28 127 352 111 8 93 748 
64 132 660 104 230 255 186 289 260 485 178 37 132 603 184 41 56 103 116 685 154 139 536 131 40 455 40 425 78 44 716 122 84 725 46 105 2 576 190 192 56 453 352 99 16 111 748 85 
628 136 64 132 71 404 230 255 48 167 260 485 118 107 132 603 88 713 56 103 459 208 154 139 20 445 40 455 677 161 78 44 4 147 84 725 189 193 2 576 324 127 56 453 740 93 16 111 
351 408 135 66 440 394 100 26 221 450 191 98 262 472 170 56 147 406 273 134 207 42 667 44 217 226 511 6 217 240 419 84 140 402 412 6 381 206 311 62 169 190 447 154 331 390 135 104 
168 33 351 408 113 13 440 394 240 49 221 450 198 28 262 472 340 67 147 406 689 22 207 42 514 3 217 226 461 42 217 240 415 3 140 402 342 31 381 206 524 77 169 190 187 52 331 390 
66 168 408 318 26 113 394 427 98 240 450 172 56 198 472 234 134 340 406 80 44 689 42 185 6 514 226 214 84 461 240 175 6 415 402 137 62 342 206 350 154 524 190 92 104 187 390 279 
375 351 66 168 381 440 26 113 401 221 98 240 444 262 56 198 339 147 134 340 20 207 44 689 223 217 6 514 198 217 84 461 399 140 6 415 175 381 62 342 113 169 154 524 338 331 104 187 
460 198 84 218 164 436 36 324 152 412 296 100 437 352 123 48 574 150 26 210 252 436 66 206 117 676 87 80 41 782 75 62 16 276 648 20 428 142 244 146 194 92 602 72 311 544 75 30 
193 109 460 198 198 162 164 436 346 50 152 412 147 24 437 352 131 105 574 150 169 103 252 436 127 40 117 676 106 31 41 782 658 10 16 276 317 73 428 142 638 36 194 92 90 15 311 544 
218 193 198 351 324 198 436 2 100 346 412 102 48 147 352 413 210 131 150 469 206 169 436 149 80 127 676 77 62 106 782 10 20 658 276 6 146 317 142 355 72 638 92 158 30 90 544 296 
89 460 218 193 274 164 324 198 362 152 100 346 328 437 48 147 45 574 210 131 333 252 206 169 636 117 80 127 751 41 62 106 266 16 20 658 69 428 146 317 56 194 72 638 529 311 30 90 
288 370 62 240 103 550 173 134 124 668 134 34 182 364 286 128 56 170 702 32 235 518 89 118 295 336 295 34 499 202 187 72 370 94 316 180 230 178 444 108 495 42 349 74 41 138 705 76 
182 120 288 370 240 67 103 550 151 17 124 668 350 64 182 364 718 16 56 170 148 59 235 518 312 17 295 336 223 36 499 202 406 90 370 94 498 54 230 178 386 37 495 42 743 38 41 138 
240 182 370 168 134 240 550 36 34 151 668 107 128 350 364 118 32 718 170 40 118 148 518 176 34 312 336 278 72 223 202 463 180 406 94 280 108 498 178 176 74 386 42 458 76 743 138 3 
250 288 240 182 483 103 134 240 651 124 34 151 300 182 128 350 154 56 32 718 459 235 118 148 319 295 34 312 166 499 72 223 4 370 180 406 124 230 108 498 5 495 74 386 100 41 76 743 
304 220 352 84 259 516 153 32 477 308 67 108 497 412 25 26 446 426 56 32 417 144 335 64 447 218 231 64 344 390 194 32 494 60 302 104 588 158 12 202 610 88 126 136 456 208 8 288 
394 42 304 220 169 16 259 516 121 54 477 308 38 13 497 412 72 16 446 426 367 32 417 144 263 32 447 218 210 16 344 390 354 52 494 60 113 101 588 158 194 68 610 88 152 144 456 208 
84 394 220 262 32 169 516 243 108 121 308 423 26 38 412 484 32 72 426 430 64 367 144 385 64 263 218 415 32 210 390 328 104 354 60 442 202 113 158 487 136 194 88 542 288 152 208 312 
178 304 84 394 500 259 32 169 254 477 108 121 399 497 26 38 410 446 32 72 112 417 64 367 186 447 64 263 374 344 32 210 8 494 104 354 57 588 202 113 20 610 136 194 64 456 288 152 
190 220 514 36 115 714 29 102 395 406 77 82 516 142 226 76 173 190 417 180 159 374 287 140 208 386 82 284 527 130 155 148 218 208 506 28 27 78 831 24 449 152 221 138 184 246 236 294 
532 18 190 220 80 51 115 714 118 41 395 406 264 38 516 142 507 90 173 190 357 70 159 374 224 142 208 386 229 74 527 130 520 14 218 208 843 12 27 78 290 69 449 152 383 147 184 246 
36 532 220 172 102 80 714 64 82 118 406 354 76 264 142 478 180 507 190 83 140 357 374 89 284 224 386 66 148 229 130 453 28 520 208 204 24 843 78 15 138 290 152 380 294 383 246 37 
202 190 36 532 663 115 102 80 365 395 82 118 104 516 76 264 100 173 180 507 304 159 140 357 244 208 284 224 56 527 148 229 194 218 28 520 66 27 24 843 83 449 138 290 99 184 294 383 
97 192 633 38 112 398 386 64 279 156 477 48 283 376 67 234 213 518 225 4 227 194 319 220 70 384 456 50 87 150 657 66 244 518 42 156 168 480 262 50 305 152 459 44 236 326 120 278 
652 19 97 192 418 32 112 398 501 24 279 156 184 117 283 376 227 2 213 518 429 110 227 194 481 25 70 384 690 33 87 150 120 78 244 518 287 25 168 480 481 22 305 152 259 139 236 326 
38 652 192 78 64 418 398 80 48 501 156 255 234 184 376 166 4 227 518 211 220 429 194 117 50 481 384 45 66 690 150 54 156 120 518 166 50 287 480 143 44 481 152 283 278 259 326 97 
173 97 38 652 366 112 64 418 132 279 48 501 259 283 234 184 516 213 4 227 84 227 220 429 359 70 50 481 117 87 66 690 440 244 156 120 455 168 50 287 130 305 44 481 187 236 278 259 
522 208 188 42 528 92 202 138 556 214 124 66 112 586 90 172 838 50 26 46 357 150 413 40 82 440 366 72 333 90 397 140 669 138 137 16 175 420 169 196 279 432 89 160 329 316 217 98 
209 21 522 208 271 69 528 92 157 33 556 214 176 86 112 586 49 23 838 50 433 20 357 150 402 36 82 440 467 70 333 90 145 8 669 138 267 98 175 420 169 80 279 432 266 49 329 316 
42 209 208 501 138 271 92 459 66 157 214 523 172 176 586 26 46 49 50 815 40 433 150 337 72 402 440 46 140 467 90 263 16 145 138 661 196 267 420 77 160 169 432 199 98 266 316 280 
187 522 42 209 23 528 138 271 181 556 66 157 500 112 172 176 27 838 46 49 130 357 40 433 404 82 72 402 20 333 140 467 130 669 16 145 322 175 196 267 352 279 160 169 267 329 98 266 
184 548 88 140 338 274 106 242 368 48 522 22 265 120 473 102 607 82 263 8 332 338 216 74 189 260 449 62 135 132 431 262 397 404 121 38 290 194 176 300 138 738 14 70 468 176 18 298 
158 70 184 548 227 121 338 274 533 11 368 48 524 51 265 120 267 4 607 82 253 37 332 338 480 31 189 260 562 131 135 132 140 19 397 404 326 150 290 194 49 35 138 738 167 149 468 176 
140 158 548 114 242 227 274 217 22 533 48 357 102 524 120 214 8 267 82 603 74 253 338 295 62 480 260 158 262 562 132 4 38 140 404 378 300 326 194 140 70 49 738 103 298 167 176 319 
478 184 140 158 153 338 242 227 37 368 22 533 69 265 102 524 78 607 8 267 301 332 74 253 229 189 62 480 1 135 262 562 385 397 38 140 44 290 300 326 703 138 70 49 27 468 298 167 
48 56 790 66 473 204 21 262 639 110 19 192 260 196 140 364 148 190 526 96 146 190 594 30 429 188 199 144 80 38 786 56 37 292 587 44 424 258 148 130 143 564 27 226 197 330 51 382 
823 33 48 56 152 131 473 204 115 96 639 110 322 182 260 196 574 48 148 190 609 15 146 190 271 72 429 188 814 28 80 38 609 22 37 292 213 65 424 258 140 113 143 564 242 191 197 330 
66 823 56 15 262 152 204 342 192 115 110 543 364 322 196 78 96 574 190 100 30 609 190 131 144 271 188 357 56 814 38 52 44 609 292 15 130 213 258 359 226 140 564 30 382 242 330 6 
23 48 66 823 73 473 262 152 14 639 192 115 14 260 364 322 142 148 96 574 175 146 30 609 116 429 144 271 10 80 56 814 270 37 44 609 193 424 130 213 451 143 226 140 139 197 382 242 
429 70 337 124 58 804 38 60 647 236 67 10 152 330 258 220 161 84 657 58 178 228 508 46 500 176 250 34 72 596 288 4 546 248 56 110 92 332 370 166 421 274 133 132 261 454 115 130 
399 62 429 70 68 30 58 804 72 5 647 236 368 110 152 330 686 29 161 84 531 23 178 228 267 17 500 176 290 2 72 596 111 55 546 248 453 83 92 332 199 66 421 274 180 65 261 454 
124 399 70 367 60 68 804 28 10 72 236 642 220 368 330 42 58 686 84 132 46 531 228 155 34 267 176 483 4 290 596 70 110 111 248 491 166 453 332 9 132 199 274 355 130 180 454 196 
8 429 124 399 774 58 60 68 231 647 10 72 220 152 220 368 55 161 58 686 205 178 46 531 159 500 34 267 594 72 4 290 193 546 110 111 249 92 166 453 208 421 132 199 389 261 130 180 
297 314 257 92 167 288 471 34 49 630 189 92 433 154 351 22 414 186 152 208 511 308 131 10 220 410 68 262 84 460 252 164 289 312 123 236 615 222 29 94 672 74 112 102 209 396 329 26 
303 46 297 314 488 17 167 288 235 46 49 630 362 11 433 154 256 104 414 186 136 5 511 308 199 131 220 410 334 82 84 460 241 118 289 312 76 47 615 222 163 51 672 74 342 13 209 396 
92 303 314 251 34 488 288 150 92 235 630 3 22 362 154 422 208 256 186 310 10 136 308 506 262 199 410 89 164 334 460 2 236 241 312 171 94 76 222 568 102 163 74 621 26 342 396 196 
268 297 92 303 271 167 34 488 584 49 92 235 143 433 22 362 82 414 208 256 303 511 10 136 279 220 262 199 378 84 164 334 194 289 236 241 175 615 94 76 23 672 102 163 383 209 26 342 
La somme magique est 11520
