Carre magique d'ordre 55
1948 977 2976 2005 1034 8 2062 1091 65 2119 1148 122 2176 1205 179 2233 1262 236 2290 1319 293 2347 1321 350 2404 1378 407 2461 1435 464 2518 1492 521 2575 1549 578 2632 1606 635 2689 1663 692 2746 1720 749 2803 1777 806 2860 1834 863 2862 1891 920 2919 
2975 2004 1033 7 2061 1090 64 2118 1147 121 2175 1204 178 2232 1261 235 2289 1318 292 2346 1375 349 2403 1377 406 2460 1434 463 2517 1491 520 2574 1548 577 2631 1605 634 2688 1662 691 2745 1719 748 2802 1776 805 2859 1833 862 2861 1890 919 2918 1947 976 
1032 6 2060 1089 63 2117 1146 120 2174 1203 177 2231 1260 234 2288 1317 291 2345 1374 348 2402 1376 405 2459 1433 462 2516 1490 519 2573 1547 576 2630 1604 633 2687 1661 690 2744 1718 747 2801 1775 804 2858 1832 861 2915 1889 918 2917 1946 975 2974 2003 
2059 1088 62 2116 1145 119 2173 1202 176 2230 1259 233 2287 1316 290 2344 1373 347 2401 1430 404 2458 1432 461 2515 1489 518 2572 1546 575 2629 1603 632 2686 1660 689 2743 1717 746 2800 1774 803 2857 1831 860 2914 1888 917 2916 1945 974 2973 2002 1031 5 
61 2115 1144 118 2172 1201 175 2229 1258 232 2286 1315 289 2343 1372 346 2400 1429 403 2457 1431 460 2514 1488 517 2571 1545 574 2628 1602 631 2685 1659 688 2742 1716 745 2799 1773 802 2856 1830 859 2913 1887 916 2970 1944 973 2972 2001 1030 4 2058 1087 
1143 117 2171 1200 174 2228 1257 231 2285 1314 288 2342 1371 345 2399 1428 402 2456 1485 459 2513 1487 516 2570 1544 573 2627 1601 630 2684 1658 687 2741 1715 744 2798 1772 801 2855 1829 858 2912 1886 915 2969 1943 972 2971 2000 1029 3 2057 1086 60 2114 
2170 1199 173 2227 1256 230 2284 1313 287 2341 1370 344 2398 1427 401 2455 1484 458 2512 1486 515 2569 1543 572 2626 1600 629 2683 1657 686 2740 1714 743 2797 1771 800 2854 1828 857 2911 1885 914 2968 1942 971 3025 1999 1028 2 2056 1085 59 2113 1142 116 
172 2226 1255 229 2283 1312 286 2340 1369 343 2397 1426 400 2454 1483 457 2511 1540 514 2568 1542 571 2625 1599 628 2682 1656 685 2739 1713 742 2796 1770 799 2853 1827 856 2910 1884 913 2967 1941 970 3024 1998 1027 1 2055 1084 58 2112 1141 115 2169 1198 
1254 228 2282 1311 285 2339 1368 342 2396 1425 399 2453 1482 456 2510 1539 513 2567 1541 570 2624 1598 627 2681 1655 684 2738 1712 741 2795 1769 798 2852 1826 855 2909 1883 912 2966 1940 969 3023 1997 1026 55 2054 1083 57 2111 1140 114 2168 1197 171 2225 
2281 1310 284 2338 1367 341 2395 1424 398 2452 1481 455 2509 1538 512 2566 1595 569 2623 1597 626 2680 1654 683 2737 1711 740 2794 1768 797 2851 1825 854 2908 1882 911 2965 1939 968 3022 1996 1025 54 2053 1082 56 2110 1139 113 2167 1196 170 2224 1253 227 
283 2337 1366 340 2394 1423 397 2451 1480 454 2508 1537 511 2565 1594 568 2622 1596 625 2679 1653 682 2736 1710 739 2793 1767 796 2850 1824 853 2907 1881 910 2964 1938 967 3021 1995 1024 53 2052 1081 110 2109 1138 112 2166 1195 169 2223 1252 226 2280 1309 
1365 339 2393 1422 396 2450 1479 453 2507 1536 510 2564 1593 567 2621 1650 624 2678 1652 681 2735 1709 738 2792 1766 795 2849 1823 852 2906 1880 909 2963 1937 966 3020 1994 1023 52 2051 1080 109 2108 1137 111 2165 1194 168 2222 1251 225 2279 1308 282 2336 
2392 1421 395 2449 1478 452 2506 1535 509 2563 1592 566 2620 1649 623 2677 1651 680 2734 1708 737 2791 1765 794 2848 1822 851 2905 1879 908 2962 1936 965 3019 1993 1022 51 2050 1079 108 2107 1136 165 2164 1193 167 2221 1250 224 2278 1307 281 2335 1364 338 
394 2448 1477 451 2505 1534 508 2562 1591 565 2619 1648 622 2676 1705 679 2733 1707 736 2790 1764 793 2847 1821 850 2904 1878 907 2961 1935 964 3018 1992 1021 50 2049 1078 107 2106 1135 164 2163 1192 166 2220 1249 223 2277 1306 280 2334 1363 337 2391 1420 
1476 450 2504 1533 507 2561 1590 564 2618 1647 621 2675 1704 678 2732 1706 735 2789 1763 792 2846 1820 849 2903 1877 906 2960 1934 963 3017 1991 1020 49 2048 1077 106 2105 1134 163 2162 1191 220 2219 1248 222 2276 1305 279 2333 1362 336 2390 1419 393 2447 
2503 1532 506 2560 1589 563 2617 1646 620 2674 1703 677 2731 1760 734 2788 1762 791 2845 1819 848 2902 1876 905 2959 1933 962 3016 1990 1019 48 2047 1076 105 2104 1133 162 2161 1190 219 2218 1247 221 2275 1304 278 2332 1361 335 2389 1418 392 2446 1475 449 
505 2559 1588 562 2616 1645 619 2673 1702 676 2730 1759 733 2787 1761 790 2844 1818 847 2901 1875 904 2958 1932 961 3015 1989 1018 47 2046 1075 104 2103 1132 161 2160 1189 218 2217 1246 275 2274 1303 277 2331 1360 334 2388 1417 391 2445 1474 448 2502 1531 
1587 561 2615 1644 618 2672 1701 675 2729 1758 732 2786 1815 789 2843 1817 846 2900 1874 903 2957 1931 960 3014 1988 1017 46 2045 1074 103 2102 1131 160 2159 1188 217 2216 1245 274 2273 1302 276 2330 1359 333 2387 1416 390 2444 1473 447 2501 1530 504 2558 
2614 1643 617 2671 1700 674 2728 1757 731 2785 1814 788 2842 1816 845 2899 1873 902 2956 1930 959 3013 1987 1016 45 2044 1073 102 2101 1130 159 2158 1187 216 2215 1244 273 2272 1301 330 2329 1358 332 2386 1415 389 2443 1472 446 2500 1529 503 2557 1586 560 
616 2670 1699 673 2727 1756 730 2784 1813 787 2841 1870 844 2898 1872 901 2955 1929 958 3012 1986 1015 44 2043 1072 101 2100 1129 158 2157 1186 215 2214 1243 272 2271 1300 329 2328 1357 331 2385 1414 388 2442 1471 445 2499 1528 502 2556 1585 559 2613 1642 
1698 672 2726 1755 729 2783 1812 786 2840 1869 843 2897 1871 900 2954 1928 957 3011 1985 1014 43 2042 1071 100 2099 1128 157 2156 1185 214 2213 1242 271 2270 1299 328 2327 1356 385 2384 1413 387 2441 1470 444 2498 1527 501 2555 1584 558 2612 1641 615 2669 
2725 1754 728 2782 1811 785 2839 1868 842 2896 1925 899 2953 1927 956 3010 1984 1013 42 2041 1070 99 2098 1127 156 2155 1184 213 2212 1241 270 2269 1298 327 2326 1355 384 2383 1412 386 2440 1469 443 2497 1526 500 2554 1583 557 2611 1640 614 2668 1697 671 
727 2781 1810 784 2838 1867 841 2895 1924 898 2952 1926 955 3009 1983 1012 41 2040 1069 98 2097 1126 155 2154 1183 212 2211 1240 269 2268 1297 326 2325 1354 383 2382 1411 440 2439 1468 442 2496 1525 499 2553 1582 556 2610 1639 613 2667 1696 670 2724 1753 
1809 783 2837 1866 840 2894 1923 897 2951 1980 954 3008 1982 1011 40 2039 1068 97 2096 1125 154 2153 1182 211 2210 1239 268 2267 1296 325 2324 1353 382 2381 1410 439 2438 1467 441 2495 1524 498 2552 1581 555 2609 1638 612 2666 1695 669 2723 1752 726 2780 
2836 1865 839 2893 1922 896 2950 1979 953 3007 1981 1010 39 2038 1067 96 2095 1124 153 2152 1181 210 2209 1238 267 2266 1295 324 2323 1352 381 2380 1409 438 2437 1466 495 2494 1523 497 2551 1580 554 2608 1637 611 2665 1694 668 2722 1751 725 2779 1808 782 
838 2892 1921 895 2949 1978 952 3006 2035 1009 38 2037 1066 95 2094 1123 152 2151 1180 209 2208 1237 266 2265 1294 323 2322 1351 380 2379 1408 437 2436 1465 494 2493 1522 496 2550 1579 553 2607 1636 610 2664 1693 667 2721 1750 724 2778 1807 781 2835 1864 
1920 894 2948 1977 951 3005 2034 1008 37 2036 1065 94 2093 1122 151 2150 1179 208 2207 1236 265 2264 1293 322 2321 1350 379 2378 1407 436 2435 1464 493 2492 1521 550 2549 1578 552 2606 1635 609 2663 1692 666 2720 1749 723 2777 1806 780 2834 1863 837 2891 
2947 1976 950 3004 2033 1007 36 2090 1064 93 2092 1121 150 2149 1178 207 2206 1235 264 2263 1292 321 2320 1349 378 2377 1406 435 2434 1463 492 2491 1520 549 2548 1577 551 2605 1634 608 2662 1691 665 2719 1748 722 2776 1805 779 2833 1862 836 2890 1919 893 
949 3003 2032 1006 35 2089 1063 92 2091 1120 149 2148 1177 206 2205 1234 263 2262 1291 320 2319 1348 377 2376 1405 434 2433 1462 491 2490 1519 548 2547 1576 605 2604 1633 607 2661 1690 664 2718 1747 721 2775 1804 778 2832 1861 835 2889 1918 892 2946 1975 
2031 1005 34 2088 1062 91 2145 1119 148 2147 1176 205 2204 1233 262 2261 1290 319 2318 1347 376 2375 1404 433 2432 1461 490 2489 1518 547 2546 1575 604 2603 1632 606 2660 1689 663 2717 1746 720 2774 1803 777 2831 1860 834 2888 1917 891 2945 1974 948 3002 
33 2087 1061 90 2144 1118 147 2146 1175 204 2203 1232 261 2260 1289 318 2317 1346 375 2374 1403 432 2431 1460 489 2488 1517 546 2545 1574 603 2602 1631 660 2659 1688 662 2716 1745 719 2773 1802 776 2830 1859 833 2887 1916 890 2944 1973 947 3001 2030 1004 
1060 89 2143 1117 146 2200 1174 203 2202 1231 260 2259 1288 317 2316 1345 374 2373 1402 431 2430 1459 488 2487 1516 545 2544 1573 602 2601 1630 659 2658 1687 661 2715 1744 718 2772 1801 775 2829 1858 832 2886 1915 889 2943 1972 946 3000 2029 1003 32 2086 
2142 1116 145 2199 1173 202 2201 1230 259 2258 1287 316 2315 1344 373 2372 1401 430 2429 1458 487 2486 1515 544 2543 1572 601 2600 1629 658 2657 1686 715 2714 1743 717 2771 1800 774 2828 1857 831 2885 1914 888 2942 1971 945 2999 2028 1002 31 2085 1059 88 
144 2198 1172 201 2255 1229 258 2257 1286 315 2314 1343 372 2371 1400 429 2428 1457 486 2485 1514 543 2542 1571 600 2599 1628 657 2656 1685 714 2713 1742 716 2770 1799 773 2827 1856 830 2884 1913 887 2941 1970 944 2998 2027 1001 30 2084 1058 87 2141 1115 
1171 200 2254 1228 257 2256 1285 314 2313 1342 371 2370 1399 428 2427 1456 485 2484 1513 542 2541 1570 599 2598 1627 656 2655 1684 713 2712 1741 770 2769 1798 772 2826 1855 829 2883 1912 886 2940 1969 943 2997 2026 1000 29 2083 1057 86 2140 1114 143 2197 
2253 1227 256 2310 1284 313 2312 1341 370 2369 1398 427 2426 1455 484 2483 1512 541 2540 1569 598 2597 1626 655 2654 1683 712 2711 1740 769 2768 1797 771 2825 1854 828 2882 1911 885 2939 1968 942 2996 2025 999 28 2082 1056 85 2139 1113 142 2196 1170 199 
255 2309 1283 312 2311 1340 369 2368 1397 426 2425 1454 483 2482 1511 540 2539 1568 597 2596 1625 654 2653 1682 711 2710 1739 768 2767 1796 825 2824 1853 827 2881 1910 884 2938 1967 941 2995 2024 998 27 2081 1055 84 2138 1112 141 2195 1169 198 2252 1226 
1282 311 2365 1339 368 2367 1396 425 2424 1453 482 2481 1510 539 2538 1567 596 2595 1624 653 2652 1681 710 2709 1738 767 2766 1795 824 2823 1852 826 2880 1909 883 2937 1966 940 2994 2023 997 26 2080 1054 83 2137 1111 140 2194 1168 197 2251 1225 254 2308 
2364 1338 367 2366 1395 424 2423 1452 481 2480 1509 538 2537 1566 595 2594 1623 652 2651 1680 709 2708 1737 766 2765 1794 823 2822 1851 880 2879 1908 882 2936 1965 939 2993 2022 996 25 2079 1053 82 2136 1110 139 2193 1167 196 2250 1224 253 2307 1281 310 
366 2420 1394 423 2422 1451 480 2479 1508 537 2536 1565 594 2593 1622 651 2650 1679 708 2707 1736 765 2764 1793 822 2821 1850 879 2878 1907 881 2935 1964 938 2992 2021 995 24 2078 1052 81 2135 1109 138 2192 1166 195 2249 1223 252 2306 1280 309 2363 1337 
1393 422 2421 1450 479 2478 1507 536 2535 1564 593 2592 1621 650 2649 1678 707 2706 1735 764 2763 1792 821 2820 1849 878 2877 1906 935 2934 1963 937 2991 2020 994 23 2077 1051 80 2134 1108 137 2191 1165 194 2248 1222 251 2305 1279 308 2362 1336 365 2419 
2475 1449 478 2477 1506 535 2534 1563 592 2591 1620 649 2648 1677 706 2705 1734 763 2762 1791 820 2819 1848 877 2876 1905 934 2933 1962 936 2990 2019 993 22 2076 1050 79 2133 1107 136 2190 1164 193 2247 1221 250 2304 1278 307 2361 1335 364 2418 1392 421 
477 2476 1505 534 2533 1562 591 2590 1619 648 2647 1676 705 2704 1733 762 2761 1790 819 2818 1847 876 2875 1904 933 2932 1961 990 2989 2018 992 21 2075 1049 78 2132 1106 135 2189 1163 192 2246 1220 249 2303 1277 306 2360 1334 363 2417 1391 420 2474 1448 
1504 533 2532 1561 590 2589 1618 647 2646 1675 704 2703 1732 761 2760 1789 818 2817 1846 875 2874 1903 932 2931 1960 989 2988 2017 991 20 2074 1048 77 2131 1105 134 2188 1162 191 2245 1219 248 2302 1276 305 2359 1333 362 2416 1390 419 2473 1447 476 2530 
2531 1560 589 2588 1617 646 2645 1674 703 2702 1731 760 2759 1788 817 2816 1845 874 2873 1902 931 2930 1959 988 2987 2016 1045 19 2073 1047 76 2130 1104 133 2187 1161 190 2244 1218 247 2301 1275 304 2358 1332 361 2415 1389 418 2472 1446 475 2529 1503 532 
588 2587 1616 645 2644 1673 702 2701 1730 759 2758 1787 816 2815 1844 873 2872 1901 930 2929 1958 987 2986 2015 1044 18 2072 1046 75 2129 1103 132 2186 1160 189 2243 1217 246 2300 1274 303 2357 1331 360 2414 1388 417 2471 1445 474 2528 1502 531 2585 1559 
1615 644 2643 1672 701 2700 1729 758 2757 1786 815 2814 1843 872 2871 1900 929 2928 1957 986 2985 2014 1043 17 2071 1100 74 2128 1102 131 2185 1159 188 2242 1216 245 2299 1273 302 2356 1330 359 2413 1387 416 2470 1444 473 2527 1501 530 2584 1558 587 2586 
2642 1671 700 2699 1728 757 2756 1785 814 2813 1842 871 2870 1899 928 2927 1956 985 2984 2013 1042 16 2070 1099 73 2127 1101 130 2184 1158 187 2241 1215 244 2298 1272 301 2355 1329 358 2412 1386 415 2469 1443 472 2526 1500 529 2583 1557 586 2640 1614 643 
699 2698 1727 756 2755 1784 813 2812 1841 870 2869 1898 927 2926 1955 984 2983 2012 1041 15 2069 1098 72 2126 1155 129 2183 1157 186 2240 1214 243 2297 1271 300 2354 1328 357 2411 1385 414 2468 1442 471 2525 1499 528 2582 1556 585 2639 1613 642 2641 1670 
1726 755 2754 1783 812 2811 1840 869 2868 1897 926 2925 1954 983 2982 2011 1040 14 2068 1097 71 2125 1154 128 2182 1156 185 2239 1213 242 2296 1270 299 2353 1327 356 2410 1384 413 2467 1441 470 2524 1498 527 2581 1555 584 2638 1612 641 2695 1669 698 2697 
2753 1782 811 2810 1839 868 2867 1896 925 2924 1953 982 2981 2010 1039 13 2067 1096 70 2124 1153 127 2181 1210 184 2238 1212 241 2295 1269 298 2352 1326 355 2409 1383 412 2466 1440 469 2523 1497 526 2580 1554 583 2637 1611 640 2694 1668 697 2696 1725 754 
810 2809 1838 867 2866 1895 924 2923 1952 981 2980 2009 1038 12 2066 1095 69 2123 1152 126 2180 1209 183 2237 1211 240 2294 1268 297 2351 1325 354 2408 1382 411 2465 1439 468 2522 1496 525 2579 1553 582 2636 1610 639 2693 1667 696 2750 1724 753 2752 1781 
1837 866 2865 1894 923 2922 1951 980 2979 2008 1037 11 2065 1094 68 2122 1151 125 2179 1208 182 2236 1265 239 2293 1267 296 2350 1324 353 2407 1381 410 2464 1438 467 2521 1495 524 2578 1552 581 2635 1609 638 2692 1666 695 2749 1723 752 2751 1780 809 2808 
2864 1893 922 2921 1950 979 2978 2007 1036 10 2064 1093 67 2121 1150 124 2178 1207 181 2235 1264 238 2292 1266 295 2349 1323 352 2406 1380 409 2463 1437 466 2520 1494 523 2577 1551 580 2634 1608 637 2691 1665 694 2748 1722 751 2805 1779 808 2807 1836 865 
921 2920 1949 978 2977 2006 1035 9 2063 1092 66 2120 1149 123 2177 1206 180 2234 1263 237 2291 1320 294 2348 1322 351 2405 1379 408 2462 1436 465 2519 1493 522 2576 1550 579 2633 1607 636 2690 1664 693 2747 1721 750 2804 1778 807 2806 1835 864 2863 1892 
La somme magique est 83215
