Carre magique d'ordre 24
48 306 124 2 173 126 1 180 48 370 44 18 313 56 31 80 444 24 8 4 130 148 154 48 
125 1 48 306 91 90 173 126 53 9 48 370 71 40 313 56 10 2 444 24 178 24 130 148 
2 125 306 47 180 91 126 83 18 53 370 39 80 71 56 273 4 10 24 442 48 178 148 106 
305 48 2 125 36 173 180 91 361 48 18 53 16 313 80 71 22 444 4 10 124 130 48 178 
137 190 81 72 15 38 421 6 258 110 44 68 52 196 204 28 223 82 171 4 82 176 94 128 
117 36 137 190 424 3 15 38 78 34 258 110 218 14 52 196 173 2 223 82 158 64 82 176 
72 117 190 101 6 424 38 12 68 78 110 224 28 218 196 38 4 173 82 221 128 158 176 18 
154 137 72 117 35 15 6 424 76 258 68 78 182 52 28 218 80 223 4 173 112 82 128 158 
206 226 8 40 150 100 76 154 191 178 23 88 173 140 111 56 70 354 18 38 79 230 145 26 
28 20 206 226 153 77 150 100 67 44 191 178 139 28 173 140 37 19 70 354 158 13 79 230 
40 28 226 186 154 153 100 73 88 67 178 147 56 139 140 145 38 37 354 51 26 158 230 66 
206 206 40 28 23 150 154 153 134 191 88 67 112 173 56 139 335 70 38 37 217 79 26 158 
130 152 138 60 29 346 59 46 186 42 182 70 318 74 38 50 61 248 91 80 164 118 10 188 
168 30 130 152 82 23 29 346 217 35 186 42 63 25 318 74 131 40 61 248 104 94 164 118 
60 168 152 100 46 82 346 6 70 217 42 151 50 63 74 293 80 131 248 21 188 104 118 70 
122 130 60 168 323 29 46 82 7 186 70 217 49 318 50 63 208 61 80 131 24 164 188 104 
262 84 60 74 188 26 264 2 51 302 97 30 288 48 110 34 7 224 239 10 73 126 149 132 
97 37 262 84 265 1 188 26 112 15 51 302 127 17 288 48 244 5 7 224 215 66 73 126 
74 97 84 225 2 265 26 187 30 112 302 36 34 127 48 271 10 244 224 2 132 215 126 7 
47 262 74 97 25 188 2 265 287 51 30 112 31 288 34 127 219 7 10 244 60 73 132 215 
131 244 57 48 93 224 105 58 79 96 215 90 4 266 208 2 87 182 179 32 75 48 299 58 
81 24 131 244 134 29 93 224 260 45 79 96 209 1 4 266 195 16 87 182 328 29 75 48 
48 81 244 107 58 134 224 64 90 260 96 34 2 209 266 3 32 195 182 71 58 328 48 46 
220 131 48 81 195 93 58 134 51 79 90 260 265 4 2 209 166 87 32 195 19 75 58 328 
La somme magique est 2880
