Carre magique d'ordre 32
279 268 9 84 357 120 153 10 53 252 273 62 334 102 188 16 173 120 243 104 53 490 93 4 79 408 51 102 106 318 34 182 
51 42 279 268 158 5 357 120 304 31 53 252 196 8 334 102 295 52 173 120 95 2 53 490 102 51 79 408 125 91 106 318 
84 51 268 237 10 158 120 352 62 304 252 22 16 196 102 326 104 295 120 121 4 95 490 51 102 102 408 28 182 125 318 15 
226 279 84 51 115 357 10 158 221 53 62 304 94 334 16 196 68 173 104 295 488 53 4 95 357 79 102 102 227 106 182 125 
136 130 158 216 264 142 2 232 157 170 305 8 41 256 331 12 88 192 234 126 86 206 310 38 289 126 47 178 58 174 334 74 
266 108 136 130 118 116 264 142 309 4 157 170 337 6 41 256 297 63 88 192 329 19 86 206 136 89 289 126 371 37 58 174 
216 266 130 28 232 118 142 148 8 309 170 153 12 337 256 35 126 297 192 25 38 329 206 67 178 136 126 200 74 371 174 21 
22 136 216 266 26 264 232 118 166 157 8 309 250 41 12 337 129 88 126 297 187 86 38 329 37 289 178 136 137 58 74 371 
50 112 440 38 362 114 54 110 183 366 25 66 211 144 77 208 64 454 104 18 18 50 546 26 51 340 171 78 519 76 33 12 
459 19 50 112 109 55 362 114 58 33 183 366 181 104 211 144 113 9 64 454 559 13 18 50 210 39 51 340 39 6 519 76 
38 459 112 31 110 109 114 307 66 58 366 150 208 181 144 107 18 113 454 55 26 559 50 5 78 210 340 12 12 39 76 513 
93 50 38 459 59 362 110 109 333 183 66 58 40 211 208 181 445 64 18 113 37 18 26 559 301 51 78 210 70 519 12 39 
153 332 31 124 141 328 23 148 117 178 245 100 148 338 2 152 192 98 328 22 332 126 40 142 205 184 73 178 250 344 34 12 
93 62 153 332 97 74 141 328 295 50 117 178 78 76 148 338 339 11 192 98 111 71 332 126 162 89 205 184 40 6 250 344 
124 93 332 91 148 97 328 67 100 295 178 67 152 78 338 72 22 339 98 181 142 111 126 261 178 162 184 116 12 40 344 244 
270 153 124 93 254 141 148 97 128 117 100 295 262 148 152 78 87 192 22 339 55 332 142 111 95 205 178 162 338 250 12 40 
344 154 92 50 190 356 30 64 96 96 434 14 191 182 75 192 304 244 60 32 126 300 198 16 240 150 148 102 165 326 45 104 
117 25 344 154 62 32 190 356 441 7 96 96 171 96 191 182 76 16 304 244 206 8 126 300 199 51 240 150 97 52 165 326 
50 117 154 319 64 62 356 158 14 441 96 89 192 171 182 95 32 76 244 288 16 206 300 118 102 199 150 189 104 97 326 113 
129 344 50 117 324 190 64 62 89 96 14 441 86 191 192 171 228 304 32 76 292 126 16 206 99 240 102 199 274 165 104 97 
152 50 344 94 174 226 10 230 141 454 39 6 100 174 342 24 149 318 19 154 73 24 507 36 223 34 349 34 374 174 28 64 
391 47 152 50 125 115 174 226 42 3 141 454 354 12 100 174 96 77 149 318 525 18 73 24 366 17 223 34 60 32 374 174 
94 391 50 105 230 125 226 59 6 42 454 138 24 354 174 88 154 96 318 72 36 525 24 55 34 366 34 206 64 60 174 342 
3 152 94 391 111 174 230 125 451 141 6 42 162 100 24 354 241 149 154 96 6 73 36 525 17 223 34 366 142 374 64 60 
109 290 51 190 200 316 82 42 304 68 170 98 198 318 98 26 174 178 260 28 54 496 70 20 58 392 118 72 308 182 38 112 
146 95 109 290 103 21 200 316 219 49 304 68 111 13 198 318 274 14 174 178 80 10 54 496 154 36 58 392 94 56 308 182 
190 146 290 14 42 103 316 179 98 219 68 255 26 111 318 185 28 274 178 160 20 80 496 44 72 154 392 22 112 94 182 252 
195 109 190 146 295 200 42 103 19 304 98 219 305 198 26 111 164 174 28 274 486 54 20 80 356 58 72 154 126 308 112 94 
198 238 184 20 363 124 115 38 61 236 241 102 354 70 128 88 120 222 160 138 348 144 86 62 119 18 497 6 345 118 129 48 
194 10 198 238 134 19 363 124 292 51 61 236 172 44 354 70 229 69 120 222 117 31 348 144 500 3 119 18 153 24 345 118 
20 194 238 188 38 134 124 344 102 292 236 10 88 172 70 310 138 229 222 51 62 117 144 317 6 500 18 116 48 153 118 321 
228 198 20 194 105 363 38 134 185 61 102 292 26 354 88 172 153 120 138 229 113 348 62 117 15 119 6 500 94 345 48 153 
La somme magique est 5120
